chain1:(-5,-2,-5)
chain2:(-4,-2,-5)
chain3:(-3,-2,-5)
chain4:(-3,-2,-6)
chain5:(-2,-2,-6)
chain6:(-2,-2,-5)
chain7:(-1,-2,-5)
chain8:(-1,-2,-6)
chain9:(0,-2,-6)
chain10:(0,-2,-5)
chain11:(1,-2,-5)
chain12:(1,-2,-6)
chain13:(2,-2,-6)
chain14:(2,-2,-5)
chain15:(3,-2,-5)
chain16:(4,-2,-5)
chain17:(4,-2,-4)
chain18:(3,-2,-4)
chain19:(2,-2,-4)
chain20:(1,-2,-4)
chain21:(0,-2,-4)
chain22:(-1,-2,-4)
chain23:(-2,-2,-4)
chain24:(-3,-2,-4)
chain25:(-4,-2,-4)
chain26:(-5,-2,-4)
chain27:(-5,-2,-3)
chain28:(-6,-2,-3)
chain29:(-6,-2,-2)
chain30:(-5,-2,-2)
chain31:(-4,-2,-2)
chain32:(-4,-2,-3)
chain33:(-3,-2,-3)
chain34:(-3,-2,-2)
chain35:(-2,-2,-2)
chain36:(-2,-2,-3)
chain37:(-1,-2,-3)
chain38:(-1,-2,-2)
chain39:(0,-2,-2)
chain40:(0,-2,-3)
chain41:(1,-2,-3)
chain42:(1,-2,-2)
chain43:(2,-2,-2)
chain44:(2,-2,-3)
chain45:(3,-2,-3)
chain46:(3,-2,-2)
chain47:(4,-2,-2)
chain48:(4,-2,-3)
chain49:(5,-2,-3)
chain50:(5,-2,-2)
chain51:(5,-2,-1)
chain52:(4,-2,-1)
chain53:(3,-2,-1)
chain54:(2,-2,-1)
chain55:(1,-2,-1)
chain56:(0,-2,-1)
chain57:(-1,-2,-1)
chain58:(-2,-2,-1)
chain59:(-3,-2,-1)
chain60:(-4,-2,-1)
chain61:(-5,-2,-1)
chain62:(-6,-2,-1)
chain63:(-6,-2,0)
chain64:(-5,-2,0)
chain65:(-4,-2,0)
chain66:(-3,-2,0)
chain67:(-2,-2,0)
chain68:(-1,-2,0)
chain69:(0,-2,0)
chain70:(1,-2,0)
chain71:(2,-2,0)
chain72:(3,-2,0)
chain73:(4,-2,0)
chain74:(5,-2,0)
chain75:(5,-2,1)
chain76:(5,-2,2)
chain77:(4,-2,2)
chain78:(4,-2,1)
chain79:(3,-2,1)
chain80:(3,-2,2)
chain81:(2,-2,2)
chain82:(2,-2,1)
chain83:(1,-2,1)
chain84:(1,-2,2)
chain85:(0,-2,2)
chain86:(0,-2,1)
chain87:(-1,-2,1)
chain88:(-1,-2,2)
chain89:(-2,-2,2)
chain90:(-2,-2,1)
chain91:(-3,-2,1)
chain92:(-3,-2,2)
chain93:(-4,-2,2)
chain94:(-4,-2,1)
chain95:(-5,-2,1)
chain96:(-6,-2,1)
chain97:(-6,-2,2)
chain98:(-5,-2,2)
chain99:(-5,-2,3)
chain100:(-4,-2,3)
chain101:(-3,-2,3)
chain102:(-2,-2,3)
chain103:(-1,-2,3)
chain104:(0,-2,3)
chain105:(1,-2,3)
chain106:(2,-2,3)
chain107:(3,-2,3)
chain108:(4,-2,3)
chain109:(4,-2,4)
chain110:(3,-2,4)
chain111:(2,-2,4)
chain112:(2,-2,5)
chain113:(1,-2,5)
chain114:(1,-2,4)
chain115:(0,-2,4)
chain116:(0,-2,5)
chain117:(-1,-2,5)
chain118:(-1,-2,4)
chain119:(-2,-2,4)
chain120:(-2,-2,5)
chain121:(-3,-2,5)
chain122:(-3,-2,4)
chain123:(-4,-2,4)
chain124:(-5,-2,4)

corner---:(-6,-2,-6)
corner--+:(-6,-2,5)
corner---:(-6,-2,-6)
corner--+:(-6,-2,5)
corner+--:(5,-2,-6)
corner+-+:(5,-2,5)
corner+--:(5,-2,-6)
corner+-+:(5,-2,5)
